 1, 1, 6, 2, 8, 2, 9, 4, 8, 7, 5, 9, 8, 1, 1, 3, 6
 4, 1, 1, 9,11, 1, 7, 9, 1, 1, 2, 8, 9, 3,11, 6, 7
 1, 7, 8, 9, 1, 1, 1,11,11, 1,11, 1, 1,11, 3, 7, 5
 1, 7, 6, 9,11, 5,11, 6, 3, 8, 1, 7, 9, 7, 1, 7, 1
 9, 1, 3, 5, 6, 1,11, 4, 1, 7, 4, 6, 6, 2, 8,11, 5
 2, 2, 1, 1, 6, 1, 6, 4, 9, 5, 6,11, 7, 3, 3,11, 5
 3, 1, 3,11, 1, 8,11, 4, 9, 4, 9, 1, 3, 1, 1, 3, 8
 4, 1, 4, 8, 9, 1, 9, 3, 7, 8, 5, 1, 5, 1, 4, 4, 1
-1, 3, 9, 5, 5,11, 2, 3, 2, 8,11, 3, 5, 8, 6, 3, 2
 1, 4, 8,11, 9, 6, 1, 4, 1, 1, 5, 2,11, 3, 6, 8, 4
 1, 6, 2, 7, 1, 6, 4, 3, 4, 7, 6, 2, 7, 1, 5,11, 1
 9, 3, 1, 8, 8, 6, 7, 8, 1, 1, 1, 6, 3, 6, 4, 6, 9
 9, 6, 3, 6, 7, 3, 9, 5,11, 6, 7, 1, 3, 6, 9,11, 2
 7, 4, 3, 5, 4, 3, 6, 6, 6, 7, 2, 8, 4, 1, 6, 8, 1
 1, 2, 1, 2, 5, 2, 7, 1, 9, 3, 3, 4,11, 2, 1, 7, 9
 6, 5, 1, 3, 4,11, 3, 3, 1, 1, 5, 8, 1, 1, 9, 1, 9
 3, 2, 2, 3, 1, 4, 9, 3, 5, 3, 6, 5, 8, 4, 7, 6, 7
0,0
16,16
